Y_47 =  [7.617317001	5.384953673	6.261682506	3.877431561	2.406945108	0.067174515	0	21.9	24.83333333
7.614608107	5.30529298	6.260728034	3.873282177	2.406945108	-0.072031149	-0.18	22	25.03333333
7.612583964	5.275560379	6.26053703	3.881563798	2.721295428	0.074825175	-3.77	23	25.66666667
7.628079788	5.452325179	6.252481751	3.939638172	2.501435952	-0.019518543	3.49	23.4	26.76666667
7.643003636	5.549853992	6.267200549	3.955082495	2.587764035	-0.066357001	9.86	23.4	27.36666667
7.659407189	5.609838028	6.301886107	3.937690752	2.564949357	0.189765458	7.99	24.1	27.53333333
7.665097172	5.620038481	6.32256524	3.925925911	2.681021529	-0.034647551	-3.51	24.5	28.1
7.666221926	5.571012697	6.358708442	3.925925911	2.63905733	-0.071163366	0.69	24.1	27.73333333
7.652355741	5.409411414	6.384857074	3.891820298	2.727852828	-0.019986676	-5.96	23.8	26.96666667
7.648930429	5.266826699	6.42745886	3.856510295	2.778819272	-0.03874915	-0.71	23.9	26.26666667
7.659171368	5.346631227	6.432618498	3.860729711	2.803360381	0.082743989	7.02	23.9	26.03333333
7.650787262	5.295814236	6.415096959	3.843744165	2.778819272	0.054866101	-3.50	23.6	25.96666667
7.68932534	5.508983396	6.396262766	3.943521672	3.165475048	0.06749226	16.97	23.6	26.03333333
7.71935194	5.610570093	6.41444208	4.028916757	2.833213344	0.0887471	8.63	23.8	26.36666667
7.757264977	5.693058511	6.398095642	4.143134726	2.595254707	-0.011720884	8.22	24.4	27.86666667
7.776241361	5.81263688	6.466455718	4.213607983	2.63188884	0.059838332	1.12	25	29.1
7.789744379	5.70511492	6.567515956	4.325456283	2.587764035	0.111393693	-2.43	25.8	30.76666667
7.806899852	5.727824469	6.692703898	4.282206299	2.617395833	-0.016933638	1.10	25.9	30.66666667
7.827320643	5.651435994	6.796935444	4.279440046	2.63188884	0.083798929	7.37	26.1	30.16666667
7.82951105	5.568344504	6.848429813	4.333361463	2.63188884	-0.01460481	-0.44	26.5	30.1
7.840155553	5.594339563	6.877811403	4.337290741	2.509599262	0.014821272	0.34	26.3	29.86666667
7.842278779	5.515845179	6.911348814	4.345103281	2.57261223	0.022336683	1.67	26.5	29.56666667
7.849479812	5.567962752	6.921362282	4.355425953	2.63905733	0.056722733	0.66	26.7	29.66666667
7.881786477	5.637642672	6.937896436	4.399375273	2.58021683	0.021073559	7.64	26.7	29.3
7.900228972	5.658785109	6.969132559	4.423648309	2.610069793	0.009735202	5.26	26.6	29.13333333
7.907909104	5.664348405	6.989427428	4.430816799	2.610069793	-0.068646356	1.26	26.8	29.03333333
7.902265519	5.643324506	6.978772766	4.423648309	2.610069793	-0.030227743	-3.06	26.9	29.36666667
7.88702081	5.568344504	6.976254695	4.360547603	2.646174797	0.058070068	-5.85	26.9	29.16666667
7.882239444	5.561066172	6.949856455	4.317488114	2.687847494	0.059321991	-0.48	26.9	29.33333333
7.88329557	5.558756703	6.915425785	4.322807275	2.714694744	0.112000038	2.75	26.9	29.33333333
7.894541752	5.605802066	6.89355493	4.335982696	2.772588722	0.02911956	4.26	26.8	29.26666667
7.913923277	5.648974238	6.887552572	4.366912997	2.821378886	0.131491374	6.09	26.7	29.1
7.942077904	5.743964264	6.888164629	4.416428061	2.844909384	0.083553982	7.41	26.7	29.23333333
7.958227192	5.803024309	6.878223476	4.442651256	2.821378886	0.030681427	4.98	26.7	29.23333333
7.971638087	5.818300928	6.884691339	4.468204331	2.821378886	0.142518444	0.21	26.9	29.43333333
7.977625099	5.841222884	6.864638988	4.493120682	2.821378886	0.045653656	-2.02	26.8	29.53333333
7.973741065	5.812337881	6.864325721	4.500920165	2.839078464	0.004189703	-1.92	26.8	29.8
7.981972411	5.804532378	6.884384293	4.520701029	2.856470206	0.000878371	1.85	27.2	30.23333333
7.98104976	5.795449663	6.875541957	4.523960131	2.879198457	0.050680055	-1.43	27.4	30.4
7.997394093	5.785976712	6.900629954	4.558078578	2.895911938	-0.039883045	6.81	27.6	30.7
8.003764182	5.770506107	6.921855403	4.575741375	2.928523524	-0.04871679	0.17	27.8	31
8.001589504	5.769570215	6.916615907	4.573679519	3.005682604	0.082990325	-1.67	28.1	31.06666667
8.011321941	5.792098556	6.925103917	4.575741375	3.000719815	-0.040743087	1.22	28.3	31.33333333
8.00091942	5.712081277	6.941480148	4.548599834	3.058707073	-0.08978869	-0.47	28.4	31.3
7.974636073	5.642261618	6.932740532	4.514150788	3.117949906	-0.005560928	-6.45	28.8	31.56666667
7.981186502	5.621849092	6.957402219	4.518522379	3.202746443	0.077315826	2.59	28.9	31.63333333
8.004064919	5.695750303	6.963189986	4.56017282	3.218875825	0.083276888	7.45	28.9	31.6
8.027182754	5.777652323	6.983141006	4.607168189	3.198673118	0.097708313	5.95	28.9	31.56666667
8.04619707	5.830708768	6.972887374	4.637637376	3.288401888	0.057695978	4.98	28.9	31.7
8.068528264	5.905634291	6.985179176	4.674696249	3.292126287	0.052036623	4.31	29.1	31.76666667
8.069248466	5.838895948	6.993749472	4.668144985	3.27336401	0.004093433	-1.60	29.3	31.66666667
8.072092884	5.870990394	6.985456787	4.678420648	3.314186005	-0.002887685	0.11	29.4	31.53333333
8.094317393	5.966659428	6.968285779	4.729156166	3.288401888	-0.045826285	9.13	29.4	31.66666667
8.088899482	5.868731782	6.979424566	4.722953222	3.339321978	-0.002142457	-7.40	29.6	31.73333333
8.093767758	5.866184731	7.003610765	4.722953222	3.328626689	0.021470764	-0.44	29.6	31.63333333
8.08085642	5.74875584	7.010492356	4.716711561	3.387774361	-0.03135402	-3.87	29.8	31.7
8.087578823	5.774551546	7.025271612	4.720282993	3.437207819	0.147016296	1.72	29.8	31.8
8.104431528	5.84209409	7.027758071	4.743191484	3.490428515	0.049345704	10.18	29.8	31.46666667
8.123439239	5.917010361	7.048907559	4.765586907	3.456316681	0.024489244	4.33	30	31.5
8.142848772	5.933570569	7.070554169	4.797442074	3.45946629	0.05264697	4.50	30	31.53333333
8.160546818	5.985949366	7.089743447	4.804021045	3.481240089	-0.025355253	1.82	30.1	31.7
8.16953462	5.978125983	7.094732647	4.817859279	3.496507561	-0.147655777	0.82	30.2	31.53333333
8.181748427	5.994958436	7.117529863	4.842611042	3.46885603	-0.008552775	4.53	30.4	31.7
8.185015719	5.965377212	7.124478262	4.856706812	3.5085559	0.053112298	3.49	30.4	31.66666667
8.195885391	6.016644846	7.110777752	4.866764924	3.549617387	0.032605253	1.14	30.5	31.53333333
8.207047354	6.032366538	7.111512116	4.888090941	3.552486829	0.101259946	2.61	30.6	31.5
8.22879086	6.062621741	7.154927808	4.903050083	3.505557397	0.024011256	6.71	30.7	31.63333333
8.23530762	6.074656138	7.144565021	4.917056947	3.529297384	0.010069007	0.52	30.9	31.63333333
8.256191998	6.11146734	7.147637946	4.911183215	3.555348061	0.062406115	3.95	30.9	31.66666667
8.267012406	6.10791336	7.156566577	4.889596966	3.572345638	0.033033418	1.64	31	31.53333333
8.282508294	6.131009075	7.157813363	4.915591745	3.540959324	0.018165969	3.85	31.1	31.63333333
8.285588949	6.140315494	7.157346	4.930870326	3.55820113	0.031650934	-0.73	31.2	31.7
8.309504595	6.231465215	7.156176637	4.980176087	3.594568775	0.035655083	6.69	31.3	31.86666667
8.322053837	6.234018492	7.167963374	4.997212274	3.629660094	0.011323322	0.11	31.6	32.16666667
8.344053353	6.268338421	7.200574136	4.992471323	3.673765816	-0.014137073	6.43	31.6	32.4
8.36683531	6.274950327	7.219349171	5.022563865	3.64805746	0.05093499	5.28	31.8	32.63333333
8.390881389	6.351757937	7.23785008	5.047288612	3.683866912	-0.004257177	6.13	32.1	33.1
8.394279517	6.336825731	7.256579486	5.081404365	3.725693427	-0.05579921	-2.68	32.4	33.23333333
8.402724657	6.329364336	7.283448229	5.098646171	3.7208625	-0.104841511	-0.73	32.7	33.56666667
8.410898907	6.335231541	7.300540334	5.117394831	3.813307032	0.043450053	0.95	32.9	33.33333333
8.419712658	6.310463584	7.341937411	5.120386158	3.883623531	0.078682439	0.45	33	33.36666667
8.420329806	6.273631439	7.33778291	5.12455904	3.908014984	0.026503838	1.50	33.3	33.3
8.42973808	6.302435809	7.348844898	5.154446996	3.929862924	0.051189907	0.44	33.6	33.43333333
8.437262144	6.323821183	7.356407582	5.186826991	3.94931879	0.003844522	0.85	33.9	33.5
8.457443187	6.343704672	7.374127322	5.238567362	3.996364154	-0.049361691	6.20	34.3	33.96666667
8.474014255	6.381138969	7.379320189	5.268888556	4.063885355	0.104744851	3.35	34.7	34.16666667
